       0
       0
       0
       0
       0
       0
       0
       0
       0
       0
       0
       0
       0
       0
       0
       0
       0
       0
       0
       0
       0
       0
       0
       0
       0
       0
       0
       0
       0
       0
       0
       0
       0
       0
       0
       0
       0
       0
       0
       0
       0
       0
       0
       0
       0
       0
       0
       0
       0
       0
       0
       0
       0
       0
       0
       0
       0
       0
       0
       0
       0
       0
       0
       0
       0
       0
       0
       0
       0
       0
       0
       0
       0
       0
       0
       0
       0
       0
       0
       0
       0
       0
       0
       0
       0
       0
       0
       0
       0
       0
       0
       0
       0
       0
       0
       0
       0
       0
       0
       0
     331
     338
     327
     326
     324
     341
     328
     327
     315
     295
     333
     290
     331
     280
     306
     289
     296
     262
     312
     292
     275
     297
     305
     272
     244
     289
     286
     281
     313
     300
     268
     274
     286
     286
     283
     286
     298
     294
     289
     291
     263
     261
     304
     266
     279
     275
     282
     287
     268
     263
     235
     224
     241
     301
     265
     263
     261
     283
     281
     282
     253
     265
     278
     280
     251
     266
     282
     291
     325
     259
     270
     287
     272
     326
     292
     310
     323
     331
     303
     312
     330
     312
     299
     350
     330
     312
     284
     315
     321
     368
     371
     348
     368
     379
     410
     382
     375
     372
     399
     380
     342
     356
     352
     355
     392
     360
     416
     444
     544
     853
    1002
    1147
    1361
    1248
    1081
     848
     570
     422
     398
     325
     298
     291
     327
     292
     306
     306
     349
     298
     342
     312
     310
     324
     330
     339
     326
     326
     328
     352
     341
     349
     343
     327
     366
     425
     479
     514
     595
     589
     534
     508
     461
     394
     347
     354
     333
     348
     367
     323
     325
     368
     364
     360
     342
     355
     364
     334
     384
     394
     365
     330
     373
     401
     364
     370
     372
     405
     399
     369
     379
     402
     399
     440
     457
     411
     447
     399
     384
     413
     399
     386
     391
     408
     400
     434
     385
     398
     413
     436
     434
     430
     416
     354
     382
     388
     424
     412
     431
     454
     421
     429
     454
     402
     476
     478
     594
     806
    1176
    1570
    1698
    1866
    1657
    1413
     979
     679
     509
     430
     360
     398
     388
     353
     394
     361
     354
     344
     383
     372
     359
     356
     367
     410
     387
     387
     397
     425
     404
     388
     387
     429
     352
     391
     365
     389
     370
     401
     414
     418
     400
     477
     432
     445
     475
     478
     450
     449
     453
     504
     483
     466
     473
     486
     470
     466
     448
     527
     434
     449
     424
     456
     490
     482
     436
     412
     446
     405
     425
     435
     459
     467
     432
     436
     444
     449
     474
     436
     370
     400
     413
     413
     422
     428
     435
     428
     399
     383
     408
     412
     350
     426
     416
     422
     437
     430
     435
     415
     406
     429
     389
     415
     406
     382
     400
     403
     407
     428
     404
     401
     394
     403
     461
     407
     442
     439
     460
     388
     385
     405
     369
     402
     416
     367
     385
     384
     387
     433
     452
     407
     425
     451
     425
     396
     419
     402
     397
     411
     415
     433
     401
     394
     413
     418
     386
     424
     443
     431
     448
     449
     409
     401
     412
     416
     440
     449
     434
     434
     420
     431
     403
     421
     420
     483
     458
     437
     445
     483
     440
     421
     449
     472
     469
     427
     456
     445
     448
     429
     434
     465
     445
     450
     437
     456
     466
     478
     515
     486
     451
     443
     452
     508
     497
     459
     515
     498
     459
     469
     492
     452
     487
     443
     466
     473
     454
     465
     453
     471
     489
     448
     498
     482
     474
     462
     451
     430
     472
     428
     470
     444
     463
     482
     457
     427
     445
     422
     437
     446
     437
     473
     473
     493
     412
     420
     397
     432
     453
     453
     447
     441
     438
     439
     455
     438
     425
     423
     434
     445
     471
     391
     455
     404
     407
     428
     419
     435
     433
     462
     530
     732
    1163
    1991
    3115
    4323
    5479
    5715
    5065
    4039
    2667
    1550
     889
     545
     436
     345
     367
     338
     348
     336
     343
     330
     306
     332
     311
     318
     327
     329
     350
     354
     350
     348
     388
     413
     416
     396
     373
     372
     341
     346
     334
     328
     339
     307
     330
     319
     330
     304
     320
     344
     349
     339
     353
     330
     321
     348
     337
     337
     340
     323
     305
     305
     318
     351
     355
     346
     300
     304
     320
     345
     282
     276
     321
     306
     370
     301
     329
     321
     309
     340
     304
     312
     301
     314
     301
     330
     319
     293
     345
     298
     310
     273
     281
     310
     344
     304
     326
     287
     331
     289
     331
     309
     344
     325
     326
     329
     323
     317
     283
     335
     345
     286
     279
     304
     318
     308
     324
     376
     330
     373
     383
     354
     409
     432
     426
     474
     515
     459
     445
     412
     394
     334
     327
     326
     293
     275
     309
     321
     319
     291
     327
     311
     298
     341
     329
     328
     295
     334
     296
     336
     331
     335
     334
     337
     320
     321
     348
     275
     310
     282
     303
     321
     318
     315
     301
     302
     305
     306
     279
     312
     304
     295
     318
     295
     316
     310
     335
     317
     302
     327
     312
     331
     311
     325
     322
     286
     297
     322
     277
     272
     290
     294
     300
     296
     312
     290
     294
     270
     300
     288
     303
     310
     314
     295
     292
     285
     291
     290
     269
     307
     265
     308
     296
     319
     301
     287
     270
     319
     271
     282
     308
     285
     313
     308
     326
     273
     289
     277
     285
     297
     295
     304
     276
     309
     264
     287
     295
     297
     285
     277
     300
     305
     311
     314
     294
     268
     292
     294
     298
     300
     339
     308
     330
     293
     295
     304
     285
     319
     270
     279
     252
     295
     300
     256
     274
     243
     276
     260
     253
     253
     245
     278
     256
     285
     295
     245
     279
     319
     282
     335
     414
     414
     377
     425
     352
     309
     295
     281
     265
     271
     270
     280
     277
     268
     271
     264
     279
     297
     277
     272
     283
     221
     256
     254
     268
     243
     254
     282
     314
     301
     291
     255
     254
     221
     232
     265
     221
     219
     246
     261
     246
     262
     253
     247
     227
     242
     232
     244
     228
     240
     219
     214
     233
     251
     261
     219
     234
     225
     211
     225
     198
     256
     204
     204
     242
     223
     252
     219
     226
     240
     211
     208
     213
     196
     225
     199
     230
     247
     215
     203
     205
     232
     238
     223
     201
     206
     209
     235
     273
     279
     342
     313
     292
     298
     256
     256
     233
     192
     213
     220
     233
     199
     213
     198
     219
     221
     194
     217
     206
     218
     182
     175
     191
     214
     182
     176
     203
     204
     234
     201
     202
     179
     209
     190
     190
     189
     171
     197
     192
     201
     189
     206
     214
     192
     179
     195
     207
     186
     203
     180
     184
     217
     174
     204
     208
     178
     181
     190
     228
     194
     163
     176
     183
     196
     183
     205
     172
     186
     185
     175
     185
     180
     218
     196
     194
     203
     198
     192
     235
     214
     242
     249
     232
     248
     204
     166
     190
     201
     183
     184
     209
     178
     157
     186
     162
     169
     171
     181
     163
     151
     186
     168
     194
     193
     166
     166
     180
     159
     170
     180
     167
     182
     182
     182
     150
     157
     157
     176
     155
     183
     185
     169
     203
     188
     171
     195
     182
     167
     197
     202
     246
     257
     262
     272
     236
     229
     236
     226
     219
     170
     190
     193
     169
     169
     185
     158
     179
     156
     173
     161
     170
     144
     168
     158
     144
     162
     168
     156
     137
     178
     169
     148
     163
     172
     140
     176
     174
     157
     154
     183
     179
     177
     180
     158
     169
     163
     183
     143
     172
     158
     172
     171
     177
     198
     162
     147
     168
     167
     158
     175
     156
     182
     166
     158
     132
     140
     150
     161
     168
     152
     148
     185
     184
     185
     167
     215
     173
     168
     169
     184
     161
     163
     159
     161
     137
     151
     141
     146
     142
     158
     152
     164
     172
     157
     149
     174
     154
     136
     169
     137
     171
     169
     142
     152
     149
     159
     149
     162
     145
     162
     180
     175
     163
     172
     151
     150
     177
     140
     165
     156
     140
     180
     172
     138
     136
     144
     150
     150
     139
     133
     148
     147
     157
     154
     164
     146
     155
     175
     159
     142
     126
     136
     142
     154
     145
     175
     155
     146
     171
     164
     159
     152
     134
     142
     139
     152
     146
     169
     149
     142
     143
     163
     133
     180
     157
     166
     147
     136
     139
     159
     149
     145
     140
     170
     156
     148
     135
     131
     144
     136
     138
     136
     148
     172
     143
     138
     129
     152
     146
     141
     169
     132
     170
     168
     187
     168
     181
     238
     292
     373
     379
     412
     423
     368
     323
     297
     265
     295
     322
     323
     301
     261
     223
     183
     150
     145
     146
     153
     143
     126
     132
     129
     161
     134
     170
     200
     206
     208
     198
     205
     186
     183
     140
     148
     153
     116
     135
     126
     128
     141
     137
     131
     135
     118
     134
     152
     123
     137
     150
     126
     143
     143
     155
     133
     137
     141
     138
     163
     139
     142
     113
     144
     139
     144
     148
     130
     118
     158
     138
     126
     125
     134
     146
     127
     120
     118
     117
     119
     119
     125
     146
     147
     148
     147
     144
     153
     140
     158
     157
     119
     125
     148
     136
     127
     147
     136
     142
     141
     125
     160
     130
     127
     117
     111
     122
     118
     136
     139
     106
     105
     100
     119
     112
     118
     128
     126
     132
     134
     140
     157
     129
     153
     156
     134
     155
     135
     152
     139
     126
     131
     140
     127
     122
     103
     112
     127
     127
     114
     131
     134
     125
     123
     141
     127
     126
      98
     116
     125
     121
     126
     133
     137
     119
      97
     134
     129
     116
     153
     130
     118
     112
     119
     128
     125
     110
     123
     142
     181
     166
     158
     189
     185
     184
     159
     162
     139
     141
     132
     131
     144
     127
     127
     133
      94
     143
     142
     173
     172
     156
     165
     163
     155
     164
     134
     135
     132
     132
     137
     134
     125
     112
     147
     136
     130
     121
     113
     129
     105
     120
     138
     137
     126
     127
     126
     128
     131
     121
     132
     115
     124
     134
     118
     150
     148
     138
     142
     126
     121
     138
     132
     121
     136
     132
     107
     123
     134
     123
     115
     130
     121
     124
     124
     111
     125
     111
     116
     125
     107
     112
     137
     105
     127
     121
     118
     127
     111
     114
     119
     114
     103
     101
     130
     116
     129
     107
     127
     107
     121
     105
     115
     121
     118
     146
     136
     129
     137
     117
     138
     119
     121
     118
     121
     126
     118
     129
     150
     150
     140
     123
     147
     137
     133
     141
     149
     120
     132
     123
     115
     118
     109
     118
     123
     117
     123
     115
     135
     103
     108
     113
     112
     118
     130
     102
     117
     106
     105
     127
     134
     107
     134
     140
     120
     152
     122
     121
     119
      99
     118
     126
     115
     113
     107
     121
     111
     137
     105
      99
     139
     120
     103
     123
     124
     109
     112
     113
     125
     108
     115
     103
     119
     119
     115
     113
     112
     116
      93
     115
     116
     123
     117
     117
     117
     110
     122
     119
     113
     126
     118
     115
     121
     124
     116
     115
      95
     118
     111
     122
     114
     106
     116
     124
     121
     120
     123
     106
     109
     118
     104
     113
     122
      99
     118
     127
     119
     108
     113
     120
     106
     103
     116
     142
     105
     121
     121
     120
     115
     131
     104
     119
      95
     119
      92
     111
      90
     131
      92
     108
     111
     131
     111
     125
     115
     101
     127
     120
     113
     102
     110
     112
     118
     125
     119
     115
     123
     109
     117
     140
     123
     141
     125
     155
     159
     145
     131
     136
     125
     118
      94
     123
     120
     106
      98
     110
     114
     133
     114
     112
     120
     125
     113
     108
      99
     111
     108
     114
     131
     144
     148
     140
     149
     140
     156
     127
     128
     136
     120
     132
     111
     117
     131
     106
     107
     125
     112
     126
     126
     126
     127
     107
      92
     117
     124
     129
     109
     126
      98
     123
      95
     110
     127
     116
      98
      97
     105
      99
     105
      98
      92
     111
     100
     107
     108
     101
      93
     114
     115
     102
     118
     123
     106
     103
     106
     120
     116
      99
     105
     113
     101
     115
     110
     118
     104
     100
     106
     109
     106
     110
      96
     109
     105
      97
     121
     120
     114
      91
     118
      99
      96
     113
     106
     108
     114
      97
      86
     106
      98
     109
     125
      87
     102
     119
     122
     120
      93
      98
     114
     109
      95
     111
     117
     103
     118
     109
     103
     112
     121
     123
     128
     140
     151
     182
     205
     213
     249
     294
     293
     373
     421
     458
     499
     510
     478
     460
     444
     396
     366
     302
     296
     219
     187
     168
     153
     152
     127
     114
     124
     118
     111
     111
     107
      99
      93
     101
      75
     122
     104
      86
     103
     110
     101
     104
      89
      95
     106
      91
     101
      95
      93
      93
     115
     113
     112
      92
     110
     103
     112
     104
      97
      89
     100
     107
      89
      95
     118
     113
     106
      99
     108
      88
      96
      99
      76
      90
      96
     105
      83
     102
     114
      93
     124
     114
     142
     120
     122
     115
     106
     118
     115
     134
      90
      90
      92
      95
      88
     100
      92
      97
      95
     100
      94
     107
     101
     106
     101
     106
     100
     117
      85
      93
      99
      96
     108
     117
     114
     107
     101
      88
      99
      93
     106
      93
     107
      82
     100
     100
     100
      89
      95
     117
     100
     103
      90
     106
     100
     104
      77
      99
      89
     103
      95
      95
     102
     103
      96
      86
     102
     112
      92
     111
      88
      95
      90
      96
      99
      86
      97
      86
      98
      88
      83
      99
      90
      85
      93
      90
      86
      97
      74
      92
     108
      99
      83
     105
      78
      81
      99
      91
      93
      91
      88
      91
     107
     100
      87
      94
      85
      88
     104
      96
     107
      97
      72
      83
      91
     100
      96
     109
      94
      93
     109
      96
     108
     101
     106
     102
     114
      86
     126
     108
     111
     110
     108
     120
     129
      94
     100
     107
     101
      93
     102
      90
     112
     110
      83
      92
      95
     106
     109
     107
     111
     100
     119
     100
     113
     111
     126
     100
     107
     119
     126
     109
     109
     105
     105
     119
     108
     113
      90
     104
     105
      85
     104
      88
      99
      95
      99
      93
     100
     109
      91
     105
      85
      91
      93
      87
      95
     100
      94
     113
     109
      99
      99
     115
      97
      90
     129
     104
     112
      99
     108
      93
     100
      96
     104
     102
      83
      91
      94
      91
      98
      90
     103
      89
      99
      93
      88
     106
     117
      93
      85
     105
     108
     100
     102
      96
      74
     101
      88
     109
      93
      88
      79
      82
     102
     118
      74
      97
     103
      94
      94
     107
     104
     103
     115
     117
     112
     131
     105
     122
      92
     116
     120
     116
     105
     107
     127
     125
     101
     119
     114
     105
     132
     127
     125
     139
     148
     151
     146
     166
     149
     157
     187
     158
     182
     191
     176
     165
     176
     151
     148
     146
     121
     151
     130
     163
     187
     192
     209
     246
     263
     268
     228
     230
     190
     163
     134
     114
     137
     126
     110
     119
     102
     107
     103
      97
     122
     109
     110
     116
      93
     115
      99
     103
     120
      96
      95
     109
      94
     102
     102
     109
     123
      95
     103
      98
      88
      90
      85
     110
     111
     100
      98
      96
      86
      96
      94
      90
     104
     111
      88
      97
     101
     100
     102
      85
      85
      91
     114
     110
     104
     116
     118
     131
     117
     114
     133
     127
     146
     112
      96
      95
     103
     105
      89
      99
     115
     112
      99
      91
      94
      97
      83
     111
     104
      92
      93
     106
     105
      89
      97
      84
      95
     101
     110
      94
      87
      82
      87
     110
      80
      79
     100
     104
     115
     101
      89
      95
      76
      82
     100
      89
      77
      90
      81
      86
      93
     102
      93
      92
     112
      85
      94
      83
      76
      84
      87
      91
      81
      86
     103
      78
      89
      73
      76
      74
      87
     101
      80
      82
      73
      78
      85
      70
      72
      94
      97
      97
      87
      88
      94
      90
      93
      87
      64
      84
      95
      87
      89
      95
      96
      81
      73
      82
      97
      82
      87
      91
      80
      88
      90
      87
      86
      91
     104
      90
      83
     105
      77
      83
     100
      73
     101
     106
      98
     108
     145
     124
     126
     118
     122
     105
      72
      93
     102
      85
      80
      91
     109
      91
      84
      90
      90
      83
      92
      71
      81
      80
      97
      93
      96
      92
     106
      82
      88
      74
      94
      98
      91
      80
     101
      76
     106
      94
      77
      85
      92
      74
      85
      79
      67
      86
      84
      79
      77
      94
      90
      84
     103
      88
      99
      84
      93
      93
     104
     110
     102
     122
     109
     108
     114
     107
     119
     121
     108
     103
     105
     106
     100
     101
     106
      89
      80
      89
      77
      85
      94
      77
      69
      81
      89
      93
      75
      72
      84
      86
      94
      81
      84
      82
      79
      84
      71
      95
      65
      75
      75
      63
      70
      92
      84
      75
      88
      75
      96
      90
      95
      79
     105
      81
      93
     110
      98
     106
     115
     116
     117
     109
     121
     142
     137
     127
     117
     142
     148
     151
     174
     185
     206
     206
     187
     201
     188
     177
     168
     164
     151
     143
     167
     125
     115
     146
     135
     137
     138
     162
     135
     154
     149
     162
     149
     148
     143
     124
     159
     138
     152
     145
     180
     160
     187
     172
     160
     165
     159
     148
     143
     142
     126
     118
     117
     110
     107
      82
      97
      81
      86
      77
      86
      96
      87
      65
      73
      82
      75
      72
      76
      67
      90
      79
      70
      66
      87
      69
      78
      64
      81
      78
      68
      72
      72
      83
      59
      70
      79
      90
      75
      77
      84
      64
      73
      72
      75
      76
      84
      74
      75
      84
      74
      71
      62
      77
      62
      90
      78
      69
      68
      83
      76
      71
      74
      75
      75
      75
      67
      80
      66
      81
      66
      85
      84
      72
      75
      91
      77
      73
      79
      76
      52
      58
      72
      68
      78
      71
      67
      67
      76
      59
      61
      75
      79
      73
      69
      56
      73
      66
      70
      68
      66
      62
      64
      58
      69
      80
      64
      67
      77
      91
      58
      68
      71
      79
      74
      68
      79
      73
      77
      71
      60
      61
      84
      59
      77
      75
      58
      93
      60
      62
      50
      63
      79
      65
      78
      72
      62
      73
      58
      49
      61
      63
      68
      70
      64
      56
      59
      52
      67
      74
      76
      69
      66
      61
      80
      71
      69
      62
      79
      78
      67
      88
      53
      62
      78
      70
      74
      69
      59
      79
      72
      77
      76
      72
      88
      79
      66
      73
      70
      56
      63
      80
      69
      69
      65
      67
      71
      72
      67
      79
      82
      79
      90
      67
      68
      92
      99
      89
      81
      99
      76
      75
      86
      72
      72
      86
      71
      77
      75
      65
      83
      74
      87
      60
      63
      72
      86
      59
      73
      62
      79
      68
      79
      63
      80
      74
      79
      80
      73
      66
      69
      66
      57
      79
      74
      86
      85
      87
      90
      98
      90
      81
      81
      75
      69
      66
      74
      69
      81
      90
      96
      71
      86
      74
      54
      70
      73
      73
      66
      66
      55
      68
      75
      69
      70
      58
      73
      68
      74
      53
      69
      80
      83
      87
      94
     113
     127
     151
     133
     151
     103
      90
      84
      95
      71
      61
      95
      69
      64
      60
      67
      65
      59
      56
      68
      53
      72
      65
      79
      56
      75
      64
      66
      60
      69
      53
      55
      60
      70
      49
      62
      63
      61
      51
      67
      70
      56
      64
      69
      74
      65
      81
      66
      68
      61
      68
      61
      77
      67
      61
      52
      62
      65
      56
      72
      54
      64
      74
      56
      68
      51
      61
      69
      51
      79
      73
      51
      61
      61
      57
      59
      54
      71
      66
      65
      65
      53
      61
      68
      60
      67
      53
      58
      77
      73
      74
      71
      72
      61
      81
      73
      62
      60
      60
      57
      63
      70
      53
      81
      71
      64
      77
      74
     111
      82
     107
     108
     115
     116
     103
     118
     130
     122
     137
     144
     144
     159
     190
     186
     201
     189
     174
     206
     206
     203
     181
     203
     195
     163
     172
     164
     165
     153
     142
     139
     134
     100
     104
      83
      84
      82
      69
      83
      57
      63
      71
      69
      65
      66
      65
      67
      61
      55
      64
      63
      76
      62
      62
      63
      76
      61
      57
      52
      54
      61
      78
      80
      60
      73
      46
      67
      62
      59
      54
      56
      57
      74
      49
      73
      59
      65
      71
      55
      55
      78
      74
      80
      76
      69
      81
      65
      64
      78
      67
      66
      54
      70
      70
      68
      63
      61
      82
      77
      81
      78
      78
      76
      72
      55
      82
      57
      65
      75
      66
      69
      71
      66
      71
      81
      83
      91
      69
      87
     102
     107
     136
     180
     203
     220
     244
     214
     230
     190
     165
     147
     117
      81
      57
      67
      68
      77
      82
      84
      61
      81
      71
      67
      56
      68
      73
      64
      62
      66
      64
      61
      58
      62
      62
      84
      68
      54
      68
      69
      63
      57
      81
      57
      59
      62
      56
      80
      61
      67
      80
      51
      66
      71
      51
      72
      59
      49
      47
      70
      57
      52
      45
      70
      70
      64
      56
      67
      69
      76
      51
      58
      78
      54
      71
      75
      70
      65
      68
      60
      59
      77
      56
      90
      84
      70
     101
      89
     101
     119
      87
      78
      69
      71
      72
      59
      72
      75
      66
      49
      77
      56
      67
      65
      68
      69
      75
      71
      68
      75
      50
      61
      69
      73
      64
      56
      68
      66
      75
      75
      77
      75
      74
      71
      86
      79
      67
      80
      62
      73
      63
      71
      66
      69
      65
      51
      51
      66
      57
      66
      79
      69
      78
      64
      82
      73
      81
      80
      87
      88
      83
     118
     106
     112
     142
     165
     202
     260
     292
     396
     476
     463
     497
     456
     368
     338
     239
     170
     154
     107
     104
      87
      83
      88
      70
      66
      72
      69
      70
      83
      72
      88
      81
      85
      89
      94
      63
      79
      75
      54
      58
      48
      54
      71
      65
      56
      63
      58
      71
      65
      65
      60
      58
      56
      49
      56
      67
      68
      62
      68
      61
      56
      55
      63
      50
      57
      56
      51
      62
      77
      57
      60
      72
      66
      72
      62
      62
      57
      68
      68
      57
      70
      55
      72
      68
      88
      70
      68
      63
      69
      75
      70
      72
      72
      64
      90
      69
      49
      59
      58
      58
      57
      56
      61
      58
      63
      57
      57
      65
      61
      71
      66
      70
      64
      87
      58
      87
      68
      65
      72
      72
      81
      77
      78
      78
      81
      87
      94
      91
      86
      89
      99
      98
     100
     106
     102
     120
     113
     113
     111
     136
     130
     106
     126
     151
     133
     126
     131
     128
     116
      98
     102
     100
      74
      88
      83
      78
      76
      65
      65
      63
      41
      49
      53
      50
      54
      56
      51
      72
      51
      64
      58
      55
      47
      52
      69
      59
      52
      55
      75
      65
      56
      56
      46
      69
      67
      47
      50
      57
      46
      51
      41
      55
      52
      62
      55
      59
      55
      58
      68
      54
      46
      55
      47
      61
      52
      52
      51
      56
      46
      50
      51
      46
      48
      66
      38
      49
      48
      48
      45
      41
      62
      59
      47
      46
      43
      53
      56
      44
      44
      56
      45
      48
      54
      61
      49
      38
      65
      44
      51
      49
      53
      56
      45
      50
      33
      45
      56
      47
      53
      64
      42
      59
      57
      48
      44
      42
      55
      50
      62
      63
      54
      55
      62
      43
      54
      58
      39
      53
      49
      39
      54
      53
      57
      53
      57
      43
      57
      52
      52
      57
      47
      45
      49
      56
      49
      53
      47
      50
      59
      57
      62
      47
      60
      48
      52
      65
      54
      49
      55
      51
      57
      53
      60
      64
      64
      44
      55
      50
      59
      59
      55
      51
      42
      54
      49
      59
      53
      56
      52
      54
      54
      51
      56
      45
      59
      65
      53
      46
      56
      52
      44
      48
      48
      62
      71
      63
      49
      70
      48
      51
      54
      61
      50
      51
      56
      52
      49
      61
      51
      49
      66
      58
      70
      66
      73
      64
      63
      74
      56
      72
      56
      63
      45
      67
      53
      58
      56
      48
      65
      44
      61
      45
      46
      40
      51
      58
      56
      40
      43
      56
      47
      48
      48
      43
      51
      49
      37
      61
      39
      58
      45
      56
      57
      51
      65
      53
      55
      48
      47
      57
      49
      53
      50
      47
      47
      52
      56
      47
      40
      57
      42
      57
      59
      62
      67
      71
      68
      68
      79
      85
     108
     101
     113
     112
      88
      87
      80
      81
      60
      61
      50
      62
      59
      53
      60
      54
      61
      58
      64
      56
      52
      61
      63
      44
      63
      53
      54
      44
      65
      42
      49
      40
      58
      50
      57
      64
      50
      47
      52
      53
      68
      65
      52
      56
      55
      67
      69
      68
      81
      69
      75
      66
      59
      45
      55
      44
      45
      57
      51
      36
      54
      51
      53
      50
      50
      59
      51
      47
      54
      48
      51
      36
      42
      40
      46
      59
      65
      59
      42
      49
      53
      54
      44
      51
      51
      44
      46
      52
      41
      50
      41
      55
      40
      33
      55
      49
      41
      47
      49
      44
      52
      41
      48
      46
      50
      35
      59
      65
      39
      47
      42
      47
      46
      39
      29
      69
      46
      41
      52
      59
      54
      36
      38
      49
      61
      51
      65
      65
      51
      60
      68
      70
      58
      62
      84
      54
      55
      49
      54
      54
      51
      52
      67
      57
      67
      58
      67
      48
      50
      46
      52
      45
      60
      59
      57
      46
      66
      45
      55
      64
      30
      52
      57
      66
      62
      69
      55
      60
      73
      82
      83
      73
      86
      84
      96
      88
      91
      94
      90
      85
      79
      75
      86
      88
      85
      55
      54
      66
      67
      69
      78
      47
      48
      58
      48
      52
      45
      61
      44
      51
      50
      56
      61
      60
      48
      62
      56
      53
      54
      41
      53
      57
      43
      41
      45
      42
      55
      55
      50
      38
      57
      49
      47
      45
      50
      65
      47
      53
      51
      43
      40
      52
      50
      54
      59
      52
      58
      36
      61
      51
      48
      63
      51
      52
      40
      46
      36
      75
      56
      44
      43
      56
      57
      44
      43
      52
      50
      60
      42
      50
      30
      48
      61
      51
      44
      42
      39
      47
      50
      45
      34
      54
      61
      52
      47
      51
      47
      43
      46
      46
      39
      42
      46
      43
      38
      44
      49
      35
      47
      51
      56
      44
      53
      43
      33
      52
      47
      57
      47
      52
      48
      46
      48
      61
      61
      52
      71
      60
      68
      68
      70
      83
      72
      80
      82
      67
      92
      89
      88
      78
     100
      72
      77
     100
     107
     108
     115
     119
     127
     177
     182
     182
     212
     209
     225
     193
     155
     129
     141
     144
     116
      74
      79
      69
      65
      66
      68
      74
      68
      78
      69
      86
      91
      87
      90
      75
      69
      66
      65
      55
      59
      54
      43
      45
      44
      46
      51
      43
      56
      53
      35
      40
      31
      31
      35
      31
      34
      39
      40
      40
      37
      61
      38
      42
      39
      29
      29
      45
      47
      38
      48
      46
      31
      40
      40
      43
      41
      35
      41
      37
      24
      41
      44
      40
      51
      47
      53
      44
      31
      45
      40
      39
      64
      51
      65
      53
      60
      50
      58
      73
      55
      74
      65
      74
      75
      57
      99
     102
     123
     124
     136
     191
     215
     214
     248
     241
     224
     193
     184
     155
     119
      96
      89
      66
      68
      61
      82
      66
      57
      60
      72
      75
      87
      95
     109
      98
     111
      99
      83
      83
      63
      52
      52
      34
      52
      39
      46
      39
      39
      43
      41
      36
      29
      45
      29
      36
      40
      34
      30
      42
      32
      35
      52
      31
      30
      37
      32
      28
      44
      32
      48
      44
      25
      26
      39
      36
      45
      32
      45
      40
      34
      31
      32
      41
      32
      38
      28
      47
      31
      31
      44
      41
      36
      32
      41
      44
      28
      33
      37
      51
      37
      35
      45
      56
      44
      48
      60
      65
      70
      73
      72
      92
      87
      96
      91
     112
     121
     117
     123
     131
     131
     107
     115
     106
      80
      73
      82
      69
      63
      43
      61
      43
      45
      52
      51
      50
      43
      50
      46
      54
      64
      88
      68
     100
     100
     104
     128
     152
     184
     146
     133
     114
     100
      94
      88
      62
      53
      52
      42
      35
      41
      29
      51
      39
      40
      39
      21
      33
      38
      29
      39
      39
      28
      45
      26
      41
      33
      44
      40
      28
      41
      43
      43
      33
      43
      35
      35
      23
      38
      41
      31
      35
      44
      33
      24
      29
      25
      39
      39
      27
      33
      30
      22
      35
      26
      30
      39
      32
      30
      31
      39
      21
      34
      31
      31
      29
      28
      28
      35
      25
      26
      27
      26
      25
      30
      28
      32
      25
      28
      27
      28
      34
      29
      34
      40
      30
      41
      31
      40
      26
      34
      32
      37
      33
      44
      31
      36
      32
      34
      32
      40
      38
      39
      38
      25
      35
      26
      36
      28
      30
      23
      31
      26
      41
      40
      35
      27
      36
      39
      43
      37
      33
      30
      26
      39
      36
      33
      35
      31
      28
      42
      31
      25
      26
      23
      31
      27
      33
      26
      29
      31
      39
      31
      26
      25
      29
      34
      24
      35
      29
      21
      24
      21
      25
      36
      30
      39
      28
      33
      30
      34
      22
      30
      34
      47
      37
      29
      36
      25
      24
      33
      30
      37
      31
      41
      28
      44
      30
      38
      27
      28
      33
      26
      33
      28
      26
      21
      32
      25
      39
      35
      31
      28
      42
      29
      33
      20
      20
      22
      24
      29
      23
      25
      33
      32
      35
      41
      39
      37
      38
      56
      36
      38
      37
      44
      41
      60
      31
      42
      52
      45
      57
      53
      52
      55
      68
      42
      63
      45
      61
      56
      54
      42
      58
      40
      50
      49
      59
      65
      48
      66
      42
      71
      52
      59
      57
      46
      39
      41
      34
      54
      51
      48
      41
      48
      36
      39
      40
      47
      38
      40
      47
      35
      28
      42
      37
      27
      33
      26
      33
      37
      35
      38
      33
      35
      32
      38
      36
      26
      28
      35
      31
      37
      31
      45
      43
      59
      55
      69
      67
      76
     116
     108
     108
     111
      89
      92
      84
      78
      62
      56
      50
      52
      41
      29
      24
      31
      28
      36
      27
      31
      16
      29
      34
      14
      27
      21
      22
      32
      31
      32
      31
      23
      21
      26
      33
      28
      23
      32
      25
      37
      26
      29
      41
      29
      31
      23
      35
      33
      27
      35
      26
      38
      37
      28
      41
      39
      35
      25
      32
      31
      28
      24
      33
      28
      21
      21
      25
      36
      34
      23
      25
      22
      19
      34
      41
      28
      33
      37
      24
      41
      34
      32
      17
      28
      36
      30
      43
      29
      31
      28
      24
      30
      25
      29
      30
      27
      36
      46
      30
      40
      33
      23
      23
      33
      27
      34
      38
      28
      35
      29
      28
      28
      30
      17
      32
      27
      42
      17
      25
      33
      17
      30
      31
      35
      30
      30
      32
      30
      40
      23
      29
      37
      37
      42
      45
      42
      32
      42
      55
      45
      49
      57
      41
      40
      50
      38
      47
      54
      41
      49
      47
      62
      43
      38
      48
      64
      53
      63
      72
      83
      90
      81
     111
     119
     138
     174
     164
     205
     220
     252
     324
     333
     384
     392
     375
     412
     359
     300
     247
     228
     172
     149
     132
     104
     105
      76
      68
      79
      76
      83
      71
      66
      62
      63
      55
      52
      47
      41
      36
      46
      33
      35
      39
      43
      48
      60
      34
      35
      33
      40
      35
      35
      31
      30
      31
      30
      37
      39
      34
      32
      34
      36
      51
      25
      48
      37
      37
      49
      54
      53
      64
      67
      62
      70
      71
      78
      93
      91
     105
     100
     140
     148
     161
     150
     140
     180
     173
     163
     154
     151
     122
     117
     100
      79
      70
      69
      55
      47
      46
      47
      46
      34
      36
      37
      33
      39
      38
      31
      39
      39
      42
      38
      44
      48
      45
      43
      54
      34
      40
      53
      32
      39
      43
      48
      35
      42
      32
      41
      50
      48
      42
      50
      39
      56
      62
      47
      60
      58
      47
      69
      62
      64
      71
      63
      52
      62
      55
      63
      54
      46
      47
      46
      36
      30
      37
      24
      44
      37
      42
      35
      21
      33
      30
      30
      30
      29
      23
      26
      19
      32
      23
      30
      29
      22
      32
      23
      23
      23
      32
      28
      23
      28
      21
      29
      23
      32
      20
      28
      30
      25
      34
      29
      25
      33
      36
      22
      16
      20
      26
      21
      26
      19
      24
      22
      29
      29
      27
      17
      19
      25
      29
      23
      18
      19
      22
      20
      19
      27
      25
      14
      24
      22
      28
      23
      22
      19
      26
      26
      27
      22
      19
      20
      26
      33
      32
      29
      28
      32
      24
      34
      26
      19
      26
      32
      26
      26
      20
      19
      18
      23
      28
      22
      31
      24
      22
      20
      23
      22
      13
      23
      29
      17
      15
      24
      22
      22
      27
      27
      22
      22
      27
      22
      22
      21
      19
      17
      19
      25
      24
      17
      25
      29
      24
      19
      36
      21
      27
      23
      22
      17
      27
      25
      16
      18
      15
      25
      28
      12
      21
      26
      18
      23
      24
      15
      14
      21
      23
      19
      14
      24
      26
      25
      15
      22
      15
      23
      24
      26
      20
      24
      17
      19
      21
      30
      19
      24
      26
      22
      21
      31
      19
      18
      34
      21
      21
      28
      23
      24
      21
      23
      18
      20
      18
      20
      20
      30
      30
      29
      22
      30
      25
      31
      20
      26
      32
      18
      22
      30
      28
      21
      28
      25
      24
      20
      22
      19
      26
      34
      24
      26
      20
      21
      25
      27
      26
      19
      21
      23
      24
      20
      23
      25
      29
      22
      20
      24
      16
      22
      28
      31
      23
      21
      19
      27
      18
      18
      27
      13
      24
      19
      30
      24
      17
      27
      32
      27
      17
      27
      27
      25
      23
      20
      14
      33
      21
      19
      25
      17
      28
      18
      18
      28
      13
      22
      26
      21
      21
      23
      18
      17
      18
      17
      28
      25
      28
      20
      29
      21
      27
      19
      22
      29
      27
      28
      26
      15
      22
      32
      19
      37
      19
      29
      29
      25
      21
      27
      34
      23
      28
      25
      30
      31
      27
      36
      27
      34
      39
      37
      39
      26
      27
      16
      16
      32
      29
      21
      28
      17
      29
      26
      19
      25
      24
      25
      21
      22
      29
      23
      30
      14
      15
      16
      24
      15
      24
      23
      16
      17
      24
      20
      23
      23
      23
      22
      24
      17
      28
      23
      24
      18
      24
      13
      24
      22
      18
      25
      16
      22
      22
      22
      31
      20
      17
      23
      22
      28
      29
      31
      25
      23
      18
      33
      19
      23
      33
      19
      24
      51
      53
      43
      74
      75
      76
      94
      73
      91
      85
      85
      58
      69
      44
      46
      48
      47
      48
      36
      46
      40
      45
      30
      44
      48
      44
      42
      27
      19
      26
      24
      22
      23
      16
      20
      27
      24
      26
      20
      24
      17
      20
      20
      31
      25
      25
      15
      26
      27
      30
      29
      24
      22
      29
      17
      17
      24
      28
      24
      27
      26
      25
      29
      19
      19
      15
      19
      17
      20
      19
      22
      19
      15
      17
      25
      24
      16
      22
      25
      20
      20
      26
      22
      15
       8
      17
      15
      17
      26
      21
      21
      21
      19
      32
      21
      20
      32
      22
      21
      25
      19
      29
      19
      17
      24
      25
      23
      20
      18
      19
      25
      29
      33
      31
      45
      53
      58
      62
      82
      78
      81
      79
      68
      56
      57
      41
      42
      27
      34
      22
      30
      19
      27
      23
      17
      22
      13
      19
      22
      19
      17
      22
      26
      20
      27
      20
      28
      27
      28
      28
      24
      34
      35
      39
      31
      17
      28
      23
      27
      19
      21
      21
      26
      18
      31
      21
      22
      19
      20
      25
      33
      15
      16
      23
      21
      24
      19
      19
      25
      21
      17
      21
      22
      18
      22
      27
      30
      23
      30
      33
      27
      35
      27
      33
      25
      18
      34
      21
      22
      30
      30
      28
      25
      24
      31
      19
      29
      25
      35
      25
      29
      21
      21
      32
      23
      22
      25
      33
      14
      19
      21
      18
      27
      22
      22
      26
      18
      24
      18
      22
      21
      22
      24
      29
      28
      18
      23
      24
      22
      16
      23
      23
      28
      14
      20
      25
      22
      18
      27
      26
      19
      15
      26
      22
      20
      33
      15
      21
      18
      19
      27
      19
      22
      23
      21
      22
      19
      20
      24
      20
      31
      16
      17
      24
      20
      20
      33
      21
      23
      16
      23
      26
      20
      28
      21
      18
      25
      26
      19
      23
      19
      15
      23
      30
      21
      26
      22
      23
      34
      21
      32
      26
      28
      17
      25
      27
      20
      15
      25
      27
      24
      36
      25
      29
      25
      24
      22
      24
      33
      31
      43
      23
      30
      33
      30
      42
      18
      33
      44
      33
      36
      35
      40
      34
      28
      28
      30
      36
      26
      24
      29
      33
      30
      25
      19
      23
      33
      31
      21
      22
      21
      33
      31
      33
      27
      30
      27
      21
      32
      17
      26
      24
      21
      19
      16
      30
      23
      22
      20
      19
      23
      17
      22
      22
      19
      23
      23
      35
      25
      16
      15
      20
      24
      19
      18
      21
      16
      25
      18
      16
      24
      19
      24
      28
      27
      27
      25
      22
      28
      16
      31
      24
      21
      21
      21
      25
      17
      28
      21
      26
      22
      36
      22
      15
      21
      23
      28
      19
       9
      22
      18
      26
      18
      20
      27
      16
      15
      22
      17
      16
      14
      24
      23
      13
      17
      13
      18
      17
      19
      18
      24
      14
      18
      17
      26
      19
      30
      21
      19
      15
      18
      25
      23
      20
      22
      17
      23
      13
      20
      23
      19
      21
      14
      24
      27
      18
      21
      22
      19
      15
      18
      14
      23
      14
      15
      17
      23
      18
      18
      24
      20
      14
      13
      13
      16
      12
      22
      22
      18
      18
      27
      15
      26
      26
      20
      13
      24
      15
       8
      17
      18
      22
      15
      24
      14
      22
      19
      20
      23
      24
      21
      20
      10
      12
      22
      26
      15
      13
      22
      15
      21
      22
      16
      17
      20
      23
      21
      20
      13
      14
      28
      33
      20
      18
      18
      16
      22
      21
      20
      19
      20
      27
      17
      23
      18
      20
      16
       4
      24
      23
      16
      23
      24
      18
      18
      19
      28
      26
      20
      22
      21
      31
      21
      18
      23
      32
      26
      27
      24
      26
      20
      17
      16
      24
      15
      19
      17
      23
      21
      15
      25
      25
      19
      24
      18
      33
      23
      29
      21
      19
      16
      29
      20
      12
      18
      21
      28
      28
      26
      26
      21
      22
      24
      24
      31
      28
      31
      25
      27
      24
      35
      26
      31
      26
      23
      27
      37
      29
      24
      24
      35
      24
      31
      30
      20
      31
      34
      35
      23
      37
      23
      26
      32
      26
      24
      25
      35
      27
      23
      21
      20
      21
      24
      22
      19
      30
      22
      25
      22
      28
      29
      21
      24
      18
      16
      17
       9
      17
      11
      24
      20
      21
      21
      17
      17
      15
      14
      13
      18
      21
      17
       8
      18
      15
      14
      15
      16
      19
      14
      17
      14
      16
      17
      13
      17
      20
      13
      25
      13
      23
      27
      16
      13
      15
      14
      13
      16
      18
      13
      21
      13
      13
      18
      12
      19
      18
      24
      28
      17
      18
      16
      20
      25
      26
      23
      23
      26
      19
      17
      18
      19
      18
      21
      33
      22
      26
      24
      27
      22
      34
      21
      22
      30
      28
      28
      26
      32
      34
      21
      20
      36
      20
      24
      29
      24
      12
      26
      25
      23
      29
      32
      22
      18
      12
      18
      11
      20
      16
      26
      26
      19
      21
      19
      22
      22
      20
      17
      25
      23
      25
      18
      23
      17
      25
       7
      20
      17
      17
      16
      26
      15
      14
      12
      23
      26
      16
      22
