0
0
0
0
7636
7072
6833
8584
14330
9612
9092
10218
18868
9576
11173
10903
10265
10284
10499
11124
11841
11346
10955
41383
8707
8133
7802
8612
8546
7762
7573
7384
7352
6949
7656
6335
5711
5994
5140
4834
4874
4657
4485
4786
4129
4172
3948
3928
3792
3756
4446
5785
3759
3419
3456
3209
3146
3515
3503
3236
3056
2999
3212
3003
2883
2877
2889
2828
3091
3098
2919
2641
2685
2688
7555
2697
2546
2616
2523
2440
2334
2307
2617
2701
2446
2467
2415
2927
4379
3138
2479
2708
2382
2286
2126
2182
2488
2219
2335
2303
2087
3753
3725
2630
1867
1861
1815
1747
1671
1703
1828
1940
1921
1788
2180
1577
1604
1610
2195
4100
1647
1631
1751
3148
1693
1554
1851
1675
1732
5176
2300
1502
1645
1612
2304
2286
1426
1324
1245
1292
1285
1359
1365
1480
1248
1319
1839
1357
1404
1199
1182
1432
1424
1873
1273
1274
1211
1144
1639
3277
1601
966
1170
3287
1697
897
930
2114
1959
1310
887
743
818
841
759
777
742
1031
1307
968
1556
764
788
719
788
751
1217
5548
1386
1061
2803
1022
1324
801
661
571
631
570
551
528
582
624
563
571
578
714
556
544
1185
905
598
485
565
1100
622
555
679
572
542
553
604
773
674
528
592
476
501
454
491
477
518
551
611
712
531
399
443
610
564
487
