0
0
0
0
17430
16653
16759
17429
18634
20365
23548
24362
25547
26616
27084
28461
29341
29594
29677
29434
29289
28501
27988
27296
28201
28546
27261
26253
24610
23274
22593
21312
20679
19782
19673
20626
19708
19043
17911
17082
16521
15887
15498
15595
14421
14029
13824
13426
13073
12153
10396
11355
9321
8854
8501
8341
7963
7610
7518
7336
8172
7137
7391
6951
6381
6042
5795
5813
5790
6476
5890
5493
5089
5972
95878
6571
3560
3476
3507
3423
3394
3243
3255
3360
3196
3188
3107
3392
4285
3784
3145
3047
2966
2915
2910
2748
2850
2756
2673
2609
2698
2877
2818
2551
6289
3227
2513
2347
2374
2356
2346
2336
2448
2381
2296
2333
2216
2273
2225
2180
2245
2340
2341
3632
2264
2253
2211
2110
2153
2047
2095
2019
2134
2114
2158
2042
2148
2070
1958
2003
2128
2102
1981
2076
1987
2089
2027
2109
2359
2768
2063
2136
2086
2059
2000
1927
2019
2005
1980
1973
1930
2041
1985
2281
1918
1975
1995
1912
1980
1936
1844
1915
1866
1755
1800
1916
1954
1900
1837
1902
2246
1975
1855
1866
1843
1802
1828
1829
1839
1818
1806
1805
1782
1767
1881
1707
1700
1741
1729
2040
1703
1811
1631
1714
1651
1796
1660
1732
1727
1994
1731
1727
1646
2390
1640
1635
1658
1683
1616
1624
1651
1603
1597
1594
1567
1502
1550
1477
1522
1529
1556
1489
1569
1579
1548
1608
1536
1566
1513
1481
