0
0
0
0
9068
8119
8139
10198
19422
11797
10956
12043
25614
11171
13339
12674
12000
11589
12018
12927
14087
13582
12929
57271
9541
8906
8433
9511
9489
8399
8189
8118
7777
7642
8621
7057
6359
7117
5680
5451
5415
5300
4901
5342
4439
4480
4295
4218
4017
4096
4998
6628
4111
3694
3642
3587
3426
3902
3987
3399
3423
3291
3335
3119
3158
2988
3078
3149
3454
3546
3149
2941
2998
3000
8372
3050
2684
2888
2646
2704
2467
2534
3001
2933
2649
2640
2621
3303
4971
3341
2662
2766
2518
2399
2303
2387
2780
2595
2535
2527
2263
4166
4008
2950
2181
2031
2009
1885
1941
1889
2027
2146
2190
1874
1828
1750
1783
1712
2224
4683
1795
1851
2052
3607
1923
1905
2002
1984
2119
5102
2441
1683
1668
1765
2571
2434
1653
1475
1450
1464
1542
1515
1529
1632
1413
1477
2062
1558
1576
1418
1398
1556
1562
2122
1486
1348
1340
1296
1935
4649
1416
1082
1130
3020
2140
1038
1001
2729
2490
1596
933
875
928
876
796
884
857
1111
1605
1120
1661
862
850
916
937
838
1374
6925
1275
1075
3490
1181
1570
921
714
606
575
583
615
581
575
701
706
701
691
786
623
671
1423
1059
616
618
587
1117
600
613
713
664
616
646
683
899
735
587
632
664
709
542
526
537
512
582
576
786
604
471
529
665
630
512
