0
0
0
0
11884
9967
9155
9492
8888
9460
10568
10927
10962
12944
11517
12508
12362
12364
12170
12407
12550
12443
12515
12361
17564
11777
11418
10959
11165
9956
9177
9274
9120
9084
8918
9027
8463
8070
7685
7699
7285
6714
6389
6673
5893
5687
5556
5540
5185
5111
5750
15763
4302
4263
4048
3789
3868
3759
3561
3472
3524
3434
3358
5695
30973
3835
2957
2803
3985
3168
2694
2648
2580
2628
11791
2689
2227
2224
2184
2182
2208
2177
2387
2461
2343
2556
2315
3312
3972
3477
2966
6803
2717
2278
2250
3343
2308
2132
2017
1948
1921
2545
2545
2025
1990
1831
1758
1715
1679
1608
1698
1635
1731
1679
1776
1667
1592
1613
1511
1662
1821
1708
1901
4889
1748
1695
2171
3577
1611
1552
1732
1430
1539
1537
1380
1341
1502
1374
1351
1360
1357
1351
1329
1357
1420
1538
1648
1447
1727
1346
1340
1887
1555
1493
1494
1467
1482
1420
1321
1412
1425
1512
1688
2143
1769
1550
1436
1471
1555
1410
1263
1372
1277
1271
1225
1245
1291
1341
1348
1338
1869
1296
1235
1238
1247
1375
1618
1219
1273
1209
1213
1343
1363
1269
1373
1446
1409
1355
1427
4223
2314
1800
1968
2084
2040
1783
1386
1076
1069
1419
1051
968
1108
1489
927
924
883
868
890
870
1052
918
838
773
665
696
694
670
737
693
723
681
658
674
624
794
1193
3102
13570
4078
