0
0
0
0
15403
14641
14683
15815
16947
18195
21053
22027
23327
23872
25026
26034
27089
26817
26915
26996
26431
26310
25929
27137
25424
24938
24398
23203
22400
21356
20643
19549
18834
18429
18534
19094
18425
17337
16409
15675
15158
14559
14194
14133
13041
12939
12198
12049
11730
10824
9889
10125
8418
8151
7844
7621
7336
7044
6875
6541
7062
6411
6102
6154
6271
5953
5710
5530
5318
5354
5147
5089
4901
5772
72830
6204
3590
3642
3626
3476
3265
3336
3408
3433
3560
3562
3254
3481
4162
3733
3371
3214
3117
3095
3015
2928
2786
2906
2849
2683
2788
2858
2836
2909
3814
2869
2840
2568
2480
2560
2657
2500
2627
2447
2615
2637
2498
2553
2894
2415
2319
2406
2431
5826
2318
2306
2238
2296
2265
2238
2269
2252
2311
2334
2277
2239
2398
2168
2229
2396
2253
2204
2168
2190
2150
2092
2100
2701
3258
2578
2231
2450
2195
2165
2262
2146
2068
2062
2008
2130
2062
2099
2178
2411
2190
2116
2001
2016
2089
2044
2069
2060
2021
2057
2069
2005
2048
1971
2069
1968
2793
2008
1962
1995
2203
2288
2038
1944
1990
1941
2023
1966
1920
1914
1883
1882
1853
1820
1985
3084
2236
2060
1906
1845
1800
2058
1853
1798
1831
1958
1898
1837
1857
2426
1771
1752
1822
1792
1814
1874
1896
1767
1875
1865
1949
1931
1867
1691
1663
1659
1695
1638
1671
1648
1679
1706
1616
1552
1634
1637
