0
0
0
0
17022
14217
13009
13436
12225
13219
14514
14981
14933
16687
16151
18100
18618
16666
16566
16637
16742
17104
17126
17002
29319
16008
15590
14641
21757
13309
12494
12334
12158
12092
11877
11938
11115
10458
10240
9822
9470
8712
8452
8757
7865
7766
7404
7348
7052
6774
7399
16666
5990
5710
5574
5367
5255
5185
5100
5041
4870
4704
4908
8198
33316
5716
4140
4024
4773
4206
3831
3627
3669
3702
17811
3657
3281
3205
3142
3158
3046
3039
3494
3318
3432
4168
3248
4498
5338
4846
4404
8434
3868
3351
3248
6525
3571
3010
2817
2792
2853
3650
3539
2859
2736
2681
2632
2389
2414
2390
2274
2325
2465
2362
2392
2250
2063
2182
2196
2376
3010
2282
2655
7430
2500
2314
2775
4675
2178
2435
2525
1969
2004
1969
1931
1921
2170
1885
1798
1779
1936
1803
1754
1957
2079
2514
2654
2184
2370
1803
1798
2455
2089
2082
2040
1935
1861
1761
1841
1807
1792
1877
2106
2647
2325
1987
1942
2110
1938
1796
1707
1609
1733
1559
1568
1624
1745
1878
1835
1886
2916
1752
1647
1689
1589
2172
2938
1638
1659
1651
1697
1771
1764
1728
1937
1797
1711
1829
1973
4187
2641
2388
2492
2477
2442
2256
1681
1490
1371
2065
1392
1299
1453
1804
1235
1270
1257
1147
1064
1145
1171
1063
1216
1557
926
900
945
960
991
982
946
826
910
978
891
1130
1804
4267
16470
4870
