0
0
0
0
11905
10701
10797
13014
23906
14446
13422
14776
30968
14139
16620
15972
15008
15164
15665
16886
18372
17640
16570
72682
12753
11926
11655
13001
12908
11378
11258
11072
10574
10365
11539
9622
8479
9461
7900
7382
7469
7164
6727
7152
6271
6219
5960
5983
5807
5589
6994
8962
5779
5098
5306
5164
4930
5477
5477
4867
4747
4622
4818
4535
4473
4455
4530
4494
5006
4956
4452
4341
4228
4334
11820
4396
3814
4115
3855
3874
3762
3700
4509
4263
3963
3822
3737
4605
6678
4557
3992
4061
3589
3529
3391
3452
3869
3529
3660
3910
3197
6318
6258
4630
3170
2916
2824
2781
2836
2729
2845
3129
3019
2538
2644
2555
2566
2501
3062
7559
2917
2561
2809
5261
2750
2450
2694
2662
2920
8456
4097
2391
2440
2571
3340
4149
2287
2059
2095
2091
2115
2061
2207
2222
2067
2118
2975
2218
2292
1922
2036
2278
2227
3042
2050
1948
1972
1870
2352
5812
2120
1541
1695
5361
3143
1459
1399
3673
3400
2213
1227
1264
1318
1188
1222
1153
1204
1483
2178
1599
2313
1235
1255
1210
1301
1300
1822
9394
2597
1502
5210
1613
2139
1418
1080
877
1018
899
863
841
816
985
983
925
948
1207
917
824
1948
1492
894
826
914
1450
939
915
1000
931
968
861
946
1383
1076
839
929
839
869
772
757
779
736
747
865
1165
877
644
730
956
1003
834
