0
0
0
0
5416
4894
5260
6371
9474
8080
8417
9931
13177
9074
9448
9472
9264
9054
9067
9168
9458
9266
8806
22572
7126
7019
6718
6934
6866
6154
6167
5869
5782
5481
5917
5578
4492
4577
3862
3836
3940
3688
3777
4576
3176
2990
2919
2895
2853
2774
3018
6079
2648
2405
2574
2623
2396
2604
2562
2295
2243
2193
2107
2137
2022
2072
2025
2054
2161
2116
2032
1941
1902
1898
4184
1878
1753
1831
1776
1806
1772
1675
1917
1810
1775
1834
1735
1918
3922
2775
1625
1693
1558
1541
1412
1516
1582
1602
1602
1608
1400
2873
2650
1882
1241
1179
1188
1183
1298
1116
1228
1296
1552
1080
1105
1071
1081
1083
1279
2762
1167
1047
1224
2018
1145
1090
1129
1138
1166
4006
1870
1018
1036
1129
1393
1604
999
892
898
840
935
910
854
850
856
807
1238
878
943
829
802
857
851
1223
861
834
859
810
783
1602
808
668
716
3307
1230
677
593
1210
1146
865
523
585
568
524
534
537
551
615
840
650
1031
584
551
508
532
541
719
2915
1393
599
1777
633
776
532
517
471
677
415
357
389
398
541
468
348
434
585
369
383
684
584
363
368
396
1675
482
340
436
426
357
357
412
479
407
336
415
360
346
310
286
330
327
352
449
682
304
251
298
401
432
316
