0
0
0
0
14738
12411
11362
11573
11186
11659
12702
13236
13579
15139
13942
15086
15607
14960
14810
14606
15210
15348
15156
15330
24737
14418
13731
12943
15736
11849
11243
11048
10996
10913
10895
10789
10102
9688
9584
9132
8665
7867
7741
8008
7097
6845
6596
6513
6432
6092
6842
16754
5159
5119
4935
4695
4736
4537
4510
4486
4447
4313
4261
8035
36032
5245
3682
3535
4475
3679
3338
3360
3240
3313
15356
3332
2855
2781
2735
2709
2803
2755
2906
2962
2983
3375
2824
4035
4729
4244
3943
8345
3474
2898
2863
5287
3119
2636
2486
2393
2372
3297
3135
2591
2458
2222
2249
2151
2160
2014
2007
2008
2075
1980
2160
1901
1969
1887
1979
2080
2546
2037
2408
6084
2205
2071
2496
4376
1879
2077
2050
1777
1717
1697
1715
1640
1807
1619
1566
1588
1689
1641
1615
1624
1882
2136
2169
1897
2071
1606
1562
2145
1861
1796
1857
1756
1693
1663
1575
1612
1518
1723
2030
2579
2099
1851
1713
1829
1815
1593
1486
1471
1456
1465
1497
1482
1641
1592
1666
1731
2268
1562
1457
1575
1523
1835
2407
1456
1516
1442
1584
1568
1602
1642
1781
1700
1694
1707
1726
4097
2561
2277
2499
2377
2365
2080
1618
1408
1316
1835
1214
1276
1415
1788
1156
1097
1083
1069
987
1007
1148
1047
949
1053
840
752
902
878
866
916
860
777
759
909
830
1013
1741
4454
15592
5113
