0
0
0
0
10227
9484
9326
9618
10093
10980
12523
12964
13560
14069
14244
15097
15684
15645
15503
15841
15720
15289
15316
15563
16073
16120
15072
14333
14403
13132
12770
12517
12468
12249
12179
11949
11119
10728
10227
10122
9282
8471
8151
8402
7342
6844
6779
6528
6448
6235
5931
7569
5524
5370
5191
5132
5132
4801
4490
4348
10818
4548
4151
8583
29315
4955
3590
3206
3152
3621
3076
3114
3063
3273
26251
3262
2527
2519
2576
2522
2448
2444
2488
2516
2585
3409
2453
2766
3475
3118
3194
5221
3047
2294
2307
2183
2280
2219
2236
2147
2128
2611
2381
2624
2158
2083
2063
2076
2001
2043
2045
2024
2172
2093
2329
2487
2182
2033
2006
1929
2953
3162
2240
3730
2097
2032
1934
1906
1935
1987
1984
1858
1934
1871
1878
1920
1993
1884
1878
2133
1831
1813
2138
1902
1984
1934
2703
3291
2750
1885
1839
1855
1998
1970
1958
2029
1928
1891
1920
1963
1982
2017
2031
2513
2872
2561
2010
2007
2031
1883
1754
1790
1718
1786
1789
1727
1763
1827
1754
1734
1938
1699
1674
1643
1914
1834
1987
1622
1696
1739
1650
1636
1603
1581
1742
1907
1827
1928
2731
9875
5324
2408
1939
1744
1802
1902
1688
1485
1408
1540
1407
1375
1582
1832
1313
1272
1247
1241
1282
1344
1282
1115
1133
1255
1126
1041
1002
955
986
963
973
983
1034
1130
1454
1995
2721
4512
9510
4796
