0
0
0
0
9479
8602
8058
8374
8339
9000
9959
10695
10814
11125
11725
13770
11938
12248
12352
12316
12379
12590
11802
11442
11684
11419
11204
11024
10563
10537
10199
10066
10140
10035
9940
9719
8982
8294
7797
7523
6944
6709
6731
6629
6257
5930
6657
9168
5697
5716
5368
6137
4951
4863
4789
4534
4543
4547
4370
4373
4123
4097
4078
3945
3974
3973
3949
5129
3727
3722
3773
4172
3612
3679
15152
4488
4613
3258
5275
3104
3221
3162
3404
3499
3211
3152
3358
6919
4168
3729
3185
3112
3083
2995
2932
2864
2891
4192
2771
4316
2674
3127
2960
2793
2804
3310
2702
2586
2571
2708
2590
2438
2678
2703
2847
3421
2439
2307
2275
2219
2164
2430
2758
4535
2406
2207
2227
2194
2440
2111
2276
2114
3337
2074
2200
2116
4018
2775
2037
2064
2031
2321
1952
2001
2003
2203
4817
2142
2395
2003
1821
1968
1943
1910
2096
3802
1907
1772
1785
1728
1781
1780
1875
2149
1719
1889
1845
1690
1727
1695
1995
3286
3006
2239
1826
1613
1739
1814
1896
1755
1894
1658
1744
2347
4784
3556
1898
1564
1638
1641
1704
1756
3396
2041
1784
1717
1705
1645
1643
1645
1696
1849
1609
1603
1555
1878
1509
1432
1530
1729
1480
1366
1480
2010
1403
1363
1391
1297
1228
1619
2166
1376
1210
1213
1310
1254
1230
1248
1405
3541
2609
1430
1175
1115
1641
11272
1410
1314
1214
1742
