0
0
0
0
9620
8735
8137
8656
8585
9187
10214
11051
10890
11533
11767
13615
12436
12834
13089
13084
12600
12871
12179
11993
12129
11850
11762
11293
11029
11167
10860
10598
10545
10582
10634
10007
9485
8635
8198
7810
7384
6940
7024
6951
6471
6246
7085
9464
6021
5911
5650
6354
5111
4959
5073
4827
4765
4604
4668
4384
4349
4266
4269
4271
4181
4167
4080
5130
3931
3936
3872
4790
3670
3770
14723
5121
4397
3690
5452
3312
3364
3288
3625
3903
3377
3475
4031
6356
4386
3830
3467
3310
3242
3002
3073
2967
3024
3913
2915
4369
2895
3219
3099
2938
2919
3393
2830
2683
2859
2818
2707
2608
2878
2815
3109
4246
2538
2435
2418
2366
2335
2458
2865
4660
2436
2402
2253
2231
2425
2143
2246
2202
3409
2237
2260
2213
4278
2609
2081
2092
2118
2913
2121
2013
2098
2507
5348
2270
2575
2005
1977
1960
2002
2156
2196
3998
1960
1859
1897
1772
2010
1933
2020
2058
1788
2012
1971
1671
1707
1926
2332
3554
2688
2017
1875
1693
1768
1848
2064
1571
2011
1751
1841
2940
5506
3369
1878
1670
1619
1663
1751
1899
3622
1963
1767
1718
1722
1632
1730
1714
1828
1763
1734
1515
1588
1834
1578
1505
1567
1704
1495
1407
1674
2065
1438
1458
1454
1365
1354
1812
2138
1349
1341
1325
1444
1348
1292
1364
1869
3622
2081
1527
1264
1299
1749
10378
1513
1372
1275
1629
