0
0
0
0
13344
11390
9873
9969
9577
9997
11005
11847
11753
13390
12126
13452
14405
12842
12816
12853
13123
13064
12898
13235
19067
12502
12479
11677
14864
10414
9834
9539
9430
9395
9372
9319
8715
8324
7927
7641
7450
6964
6752
7137
6036
5946
5633
5616
5516
5256
6041
15748
4523
4501
4197
4022
3998
3986
3846
3680
3895
3501
3540
7275
21092
3960
3175
3054
3922
3210
2916
2709
2749
2788
18383
2924
2326
2336
2407
2403
2323
2272
2496
2517
2541
2775
2427
3305
4017
3566
3595
5394
2557
2466
2432
3837
2424
2158
2017
2005
2103
2729
2463
2036
1981
1969
1885
1755
1749
1752
1738
1753
1764
1808
1781
1850
1662
1615
1653
1719
2076
1896
2020
4850
1883
1833
2153
3482
1587
1680
1720
1503
1514
1513
1399
1467
1715
1348
1328
1430
1441
1374
1443
1510
1637
1782
1723
1702
1970
1480
1437
2182
1623
1556
1526
1539
1478
1430
1378
1393
1455
1632
1865
2219
1859
1454
1488
1545
1534
1320
1314
1247
1241
1265
1219
1264
1318
1381
1373
1351
1905
1230
1231
1216
1216
1487
1891
1201
1182
1165
1178
1196
1233
1281
1401
1276
1323
1267
1683
5977
2669
1754
1936
1914
1763
1435
1069
982
937
1331
904
952
992
1422
909
906
863
840
899
994
1012
821
825
895
678
673
762
753
750
688
697
651
736
740
707
946
1582
3367
9635
2304
