0
0
0
0
9704
8221
7584
7985
7684
7950
9073
9695
9712
12149
9876
10525
10360
10602
10645
10574
10646
10834
10854
10963
13276
10386
10017
9313
9219
8520
8118
7859
7902
7776
7766
7829
7226
6930
6815
6610
6057
5623
5679
5809
4998
4808
4693
4493
4472
4367
5107
15569
3573
3507
3334
3277
3059
3105
2931
2867
2925
2863
2825
5522
26824
3016
2325
2336
3809
2673
2147
2107
2283
2287
10146
2200
1829
1878
1826
1829
1835
1768
2022
2074
2040
2178
1932
2651
3375
2831
2526
5437
2097
1901
1806
2005
1828
1771
1613
1575
1608
2140
1874
1749
1560
1517
1447
1519
1432
1366
1371
1411
1441
1523
1539
1382
1303
1330
1293
1334
1376
1463
1581
3852
1546
1454
1850
2979
1242
1303
1278
1253
1205
1188
1189
1167
1263
1128
1057
1124
1064
1168
1124
1119
1204
1163
1211
1193
1385
1161
1104
1826
1245
1263
1259
1204
1127
1168
1187
1104
1152
1348
1644
2049
1640
1325
1188
1271
1299
1150
1191
1102
1043
1086
1069
1078
1140
1192
1182
1167
1395
1128
1035
1068
1006
1116
1197
1089
1040
1056
1060
1063
1110
1123
1176
1067
1163
1155
1196
4625
2173
1557
1780
1900
1680
1435
1064
906
888
1202
789
860
860
1333
772
774
714
728
729
842
895
715
576
535
496
558
589
577
582
584
545
484
529
512
500
601
1160
3365
11451
2970
