0
0
0
0
5223
5227
5319
5902
6442
7082
8406
8881
9231
9441
9738
10094
10324
10381
10105
10161
9989
9780
9759
10592
9365
8952
8689
8300
8058
7707
7412
6939
6808
6562
6905
7013
6484
6330
5833
5605
5279
5168
5180
5389
4549
4585
4381
4018
4012
3744
3370
4341
2969
2821
2841
2707
2664
2503
2430
2343
2485
2355
2296
2165
2148
2124
2043
1986
1819
1895
1839
1785
1702
1981
22976
2155
1307
1303
1311
1281
1255
1266
1280
1273
1321
1331
1250
1291
1866
1621
1183
1213
1203
1122
1104
1076
1039
1195
1075
1043
1067
1038
995
1015
1429
988
1084
959
978
964
1021
914
996
851
932
934
873
889
1122
873
844
822
981
2466
877
862
851
871
831
775
792
813
914
837
787
794
847
788
825
873
784
863
738
842
742
814
770
926
1254
956
794
871
793
783
735
750
790
853
788
770
786
791
925
1044
818
805
786
760
767
763
720
738
792
743
744
815
835
774
751
741
1082
764
711
742
755
910
846
723
751
746
792
737
743
713
689
707
685
717
695
1169
878
772
748
718
744
813
713
732
719
828
717
686
678
1348
643
746
655
712
698
722
716
689
685
707
683
745
755
662
636
625
585
653
586
610
623
650
590
599
652
630
