0
0
0
0
8862
8145
7675
8081
8054
8790
9581
10408
10278
10919
11082
12365
11482
11935
11853
11873
11930
11806
11219
11066
11117
11107
10607
10657
10231
10009
9807
9740
9734
9496
9730
9193
8772
8142
7570
7169
6830
6450
6488
6422
5726
5699
6202
8427
5316
5261
5056
5876
4596
4600
4447
4276
4299
4228
4142
4047
3977
3944
3778
3694
3753
3577
3745
4612
3483
3569
3451
4126
3330
3432
13067
4076
4382
3290
4930
2915
2991
2880
3283
3463
3030
3109
3142
6178
3985
3687
3066
2985
2898
2877
2852
2670
2716
3534
2698
3838
2650
2890
2730
2644
2565
3097
2540
2463
2550
2666
2580
2406
2562
2501
2827
3933
2316
2320
2201
2180
2155
2240
2786
4353
2285
2081
2059
2114
2274
1963
2069
2086
2976
1977
1990
2062
3632
2707
1952
1884
1928
2624
1991
1927
1894
2208
4742
2113
2306
1907
1866
1841
1833
1896
1934
3653
1902
1687
1664
1591
1705
1712
1768
2004
1594
1862
1882
1585
1577
1615
1938
2788
2562
1859
1673
1546
1624
1682
1838
1585
1827
1533
1542
2322
4438
3571
1914
1474
1477
1477
1562
1580
3130
1856
1622
1510
1554
1514
1525
1557
1676
1666
1482
1456
1469
1570
1492
1296
1312
1594
1315
1246
1448
2053
1273
1301
1319
1281
1194
1502
1880
1295
1165
1193
1266
1253
1168
1196
1326
2958
2231
1403
1213
1142
1505
9185
1329
1179
1191
1507
