0
0
0
0
9176
8308
7586
8019
8181
8402
9671
10427
10504
10738
11280
13356
11575
11914
12160
11995
11973
12676
11404
11185
11064
11318
10780
10627
10275
9948
9929
9738
9782
9666
9452
9247
8543
8117
7480
7178
6723
6546
6321
6441
5825
5632
6327
8613
5431
5377
5052
5843
4709
4556
4304
4315
4188
4087
4081
4073
3996
3805
3807
3767
3744
3654
3544
4914
3586
3471
3541
3733
3332
3372
15557
4205
4410
3131
4891
2875
2940
2880
3178
3136
2966
3049
2973
5915
3907
3478
3088
2828
2756
2775
2758
2643
2626
3991
2638
4033
2562
2870
2703
2541
2456
3008
2612
2318
2383
2372
2284
2303
2600
2446
2547
2713
2250
2127
2125
2113
2017
2146
2555
4335
2161
2072
2008
2027
2181
1921
1988
2023
3016
1982
1940
1942
3660
2558
1932
1793
1870
2023
1882
1827
1848
2065
4306
2020
2346
1830
1796
1765
1879
1839
1984
3426
1803
1652
1676
1610
1862
1689
1742
2114
1493
1731
1711
1549
1563
1621
1849
3205
2972
2028
1870
1614
1611
1674
1829
1545
1800
1631
1614
2288
4174
3239
1798
1578
1524
1566
1581
1675
3187
1985
1670
1661
1668
1635
1632
1642
1695
1717
1663
1419
1536
1787
1502
1376
1401
1625
1405
1179
1357
1821
1271
1292
1211
1214
1106
1475
2072
1146
1126
1112
1265
1159
1116
1123
1345
3455
2577
1420
1123
1108
1537
12313
1292
1183
1106
1589
