0
0
0
0
10310
8795
7877
8220
7801
8395
9454
9695
9924
12638
10172
10616
10843
10840
11169
10837
11265
11366
11085
11406
13982
10689
10323
9682
9349
8902
8514
8178
8330
8143
8045
8047
7409
7384
7078
6952
6532
5963
5654
6135
5446
5171
4924
4871
4721
4340
5259
15977
3684
3445
3332
3391
3192
3298
3145
3136
3007
2945
2913
5850
28178
3181
2475
2325
3936
2850
2311
2230
2223
2236
10147
2278
1975
1868
1883
1898
1923
1862
2103
2067
1973
2117
1926
2776
3572
3131
2495
5716
2261
1992
1940
2133
1789
1711
1573
1597
1678
2166
2049
1697
1623
1498
1519
1426
1492
1417
1335
1412
1443
1491
1480
1345
1300
1403
1409
1321
1390
1519
1679
4163
1530
1466
1876
3022
1323
1235
1259
1297
1206
1267
1168
1218
1293
1173
1144
1107
1192
1141
1095
1190
1221
1217
1191
1222
1439
1147
1082
1803
1283
1360
1301
1213
1222
1225
1181
1171
1267
1409
1634
2085
1712
1325
1268
1291
1245
1175
1151
1166
1092
1128
1097
1086
1153
1220
1247
1143
1493
1143
1128
1103
1061
1149
1119
1109
1053
1035
975
1088
1181
1235
1196
1191
1249
1211
1263
4588
2146
1678
1870
1873
1794
1649
1115
939
893
1219
893
875
947
1383
797
802
781
698
723
734
940
738
561
567
525
551
575
622
611
611
540
523
519
567
519
668
1235
3762
11455
3928
