0
0
0
0
3247
3010
2995
3661
6704
4569
4707
5226
9214
4792
5407
5135
4922
4785
4808
5140
5469
5354
5040
18366
3797
3818
3552
3652
3610
3358
3225
3022
3020
2862
3228
2804
2398
2717
2199
2079
2069
1980
2106
2292
1683
1770
1693
1599
1584
1562
1842
2986
1457
1295
1374
1221
1170
1255
1330
1186
1133
1119
1197
1067
1045
1015
980
1040
1122
1158
983
891
967
925
6500
1029
798
869
762
777
793
866
861
879
852
882
810
922
1855
1251
802
791
770
767
682
650
808
801
680
762
600
945
974
883
621
629
583
589
595
562
572
676
705
603
658
557
534
544
583
939
692
544
653
1228
614
526
562
549
701
997
664
471
565
573
561
720
582
486
438
435
496
458
478
500
473
453
577
460
477
441
388
462
421
614
472
428
402
376
456
1373
623
334
332
745
672
323
337
636
840
563
297
278
280
303
299
275
286
280
453
455
640
272
272
266
319
277
342
1714
525
233
758
425
379
304
233
191
197
163
174
184
197
240
203
205
243
285
202
152
411
345
174
183
177
753
188
173
193
184
169
197
234
203
229
187
180
204
207
145
149
144
146
170
180
209
200
156
143
148
167
163
