0
0
0
0
13358
12853
12641
13937
14954
16112
18649
19584
20725
21207
22113
23276
23931
23917
23973
23898
23338
22893
23080
24532
22658
22057
21141
20200
19931
18672
18036
17150
16455
16060
16141
16527
16264
15325
14376
13768
13229
12739
12491
12414
11511
11134
10992
10544
10152
9621
8500
9122
7508
7144
6974
6733
6485
6181
6074
5881
6080
5635
5545
5380
5457
5271
4977
4746
4696
4670
4702
4433
4465
4806
62389
5431
3103
3166
3099
3076
3134
3026
2994
3004
3216
2940
2779
3068
3820
3235
2876
2824
2822
2639
2520
2568
2618
2731
2471
2482
2420
2554
2410
2405
3202
2494
2538
2275
2204
2338
2334
2238
2302
2134
2289
2221
2255
2218
2659
2108
2051
2165
2170
5388
2066
2030
1958
1924
1985
2062
1968
1966
1935
1954
2004
1906
2014
1987
1951
2106
1900
1910
1905
2017
1895
1887
1888
2331
2921
2259
1921
2167
1959
1927
1935
1859
1874
1893
1827
1823
1867
1898
2046
2190
1880
1897
1808
1774
1885
1823
1727
1917
1724
1768
1850
1774
1816
1786
1858
1819
2360
1794
1718
1846
1844
2005
1897
1659
1739
1708
1780
1741
1704
1688
1731
1717
1614
1706
1672
2810
2087
1829
1737
1640
1640
1859
1589
1666
1646
1757
1631
1652
1730
2260
1597
1644
1643
1611
1581
1646
1717
1586
1704
1687
1712
1743
1668
1497
1508
1510
1511
1462
1474
1527
1455
1565
1438
1441
1498
1502
