0
0
0
0
439353
404197
427505
521952
659139
819485
1015592
1181992
1283457
1062286
1020351
1024686
1020573
1077954
974790
941788
902488
868391
834091
795938
744750
709165
693146
691813
646748
608834
582165
560163
535577
505385
541061
556754
404020
390030
359519
353329
334752
314559
370716
490095
271470
263665
254065
253416
243434
252122
232013
696430
207355
203718
201695
199006
207335
212054
195161
197673
190983
189681
185966
180355
177684
175054
176893
179439
169037
160921
150428
143689
135100
132382
171596
125519
120559
118535
115624
113027
108824
107412
106272
104881
108929
134836
97604
96754
383682
252352
88135
86514
86871
85558
84755
85067
1008354
89455
76180
76221
75318
74939
79491
74342
73626
76373
80274
71499
74131
71337
71388
74988
112154
69045
80009
72173
72187
77995
67995
70834
70718
70890
76685
71589
69727
75670
70316
72036
72100
73359
78844
93664
87303
96132
75721
76990
104436
78361
80316
77159
81245
87590
64727
65419
62771
62342
63175
61116
60738
59387
59126
58001
57200
59297
56212
56131
57727
56003
55423
56492
56953
57823
55946
164089
44966
45521
42555
41943
54023
41012
53527
815681
35697
33435
32488
31693
33786
29584
29046
28231
68164
28306
23571
22864
20458
20268
22951
26564
18788
18334
18581
19219
17824
19747
749468
14773
12645
12335
12210
12150
14367
38076
16647
10977
20410
27742
10990
10944
11362
17898
10845
11161
15439
263609
8650
9015
9062
8769
9951
9574
23647
8968
8793
8879
11462
10275
7207
7413
7001
6867
7764
13403
11524
9166
6389
5951
7372
5957
6641
5429
